0.375 0.4375 0.3125
0.375 0.4375 0.3125
0.375 0.1875 0.46875
0.125 0.03125 0.875
0.375 0.1875 0.46875
0.375 0.1875 0.46875
0.25 0.171875 0.625
0.25 0.171875 0.625
0.3 0.5 0.45
0.3 0.5 0.45
0.3 0.5 0.45
0.3 0.5 0.45
0.6 0.6 0.2
0.375 0.4375 0.3125
0.375 0.4375 0.3125
0.375 0.4375 0.3125
0.375 0.1875 0.46875
0.125 0.125 0.75
0.375 0.1875 0.46875
0.375 0.1875 0.46875
0.375 0.4375 0.3125
0.375 0.4375 0.3125
0.375 0.1875 0.46875
0.15625 0.125 0.71875
0.15625 0.125 0.71875
0.15625 0.125 0.71875
0.375 0.1875 0.46875
0.375 0.1875 0.46875
